Path: [145, 111, 132, 89, 149, 140, 122, 77, 55, 108, 154, 131, 92, 137, 30, 29, 151, 59, 120, 148, 13, 20, 107, 1, 72, 144, 123, 134, 37, 118, 130, 103, 128, 28, 71, 178, 12, 165, 23, 69, 57, 160, 87, 79, 143, 75, 142, 46, 127, 44, 76, 112, 70, 88, 25, 58, 85, 100, 138, 21, 175, 49, 11, 159, 110, 177, 22, 16, 116, 166, 182, 14, 9, 17, 3, 114, 96, 125, 50, 36, 80, 164, 158, 84, 150, 146, 78, 81, 139, 26, 173, 52, 179, 2, 153, 147, 155, 18, 94, 170, 32, 168, 47, 48, 41, 104, 8, 66, 136, 10, 43, 31, 105, 156, 163, 171, 24, 169, 15, 54, 119, 83, 64, 56, 133, 40, 152, 113, 109, 45, 39, 33, 174, 6, 19, 101, 68, 74, 172, 102, 157, 167, 93, 98, 60, 4, 135, 63, 67, 42, 73, 53, 38, 106, 180, 183, 61, 34, 162, 0, 126, 82, 117, 115, 124, 176, 181, 121, 5, 62, 91, 99, 51, 90, 95, 35, 65, 161, 129, 27, 141, 7, 97, 86, 145]
Distance: 346.4250500988831
Total Time: 1.304165362
