Path: [155, 4, 17, 41, 171, 134, 147, 123, 77, 49, 78, 143, 14, 81, 122, 169, 115, 42, 157, 69, 181, 153, 67, 142, 80, 51, 39, 160, 72, 176, 173, 183, 60, 119, 62, 129, 36, 65, 57, 166, 107, 109, 5, 48, 117, 165, 180, 106, 63, 45, 25, 31, 97, 52, 2, 89, 28, 105, 118, 158, 112, 8, 87, 174, 133, 132, 161, 163, 138, 178, 175, 179, 86, 83, 172, 10, 61, 135, 35, 120, 68, 128, 131, 152, 1, 23, 124, 47, 126, 70, 85, 66, 127, 104, 103, 43, 58, 55, 11, 140, 40, 27, 59, 12, 74, 94, 84, 130, 154, 151, 101, 168, 116, 162, 7, 146, 82, 54, 139, 93, 92, 91, 167, 111, 164, 150, 46, 148, 21, 73, 71, 88, 34, 13, 26, 16, 33, 90, 102, 29, 136, 114, 141, 53, 3, 99, 38, 76, 149, 125, 75, 177, 20, 79, 44, 100, 19, 24, 108, 110, 30, 96, 137, 95, 144, 0, 113, 22, 50, 98, 37, 64, 182, 56, 6, 121, 159, 145, 15, 156, 32, 9, 18, 170, 155]
Distance: 37.880783968061614
Total Time: 219.548974444
