Path: [28, 44, 2, 24, 33, 66, 27, 56, 11, 26, 85, 77, 50, 64, 16, 53, 35, 0, 68, 25, 61, 76, 95, 18, 89, 60, 63, 47, 39, 6, 36, 57, 65, 67, 8, 99, 31, 15, 62, 87, 80, 34, 72, 73, 29, 23, 40, 5, 83, 91, 9, 1, 52, 75, 101, 12, 17, 3, 74, 51, 46, 22, 84, 94, 82, 55, 58, 10, 100, 41, 30, 69, 4, 90, 54, 70, 92, 79, 38, 49, 78, 37, 13, 42, 59, 21, 32, 88, 86, 19, 81, 71, 48, 96, 7, 97, 20, 45, 14, 98, 43, 93, 28]
Distance: 13.238267376154202
Total Time: 5.9470380259999995
