Path: [26, 5, 9, 55, 52, 1, 50, 58, 16, 32, 57, 0, 59, 39, 23, 33, 31, 51, 49, 7, 43, 47, 48, 37, 27, 18, 54, 30, 53, 60, 41, 45, 8, 11, 40, 61, 28, 6, 42, 13, 4, 38, 44, 17, 36, 35, 14, 2, 10, 3, 20, 19, 56, 25, 15, 34, 46, 12, 29, 21, 22, 24, 26]
Distance: 63.565757834536996
Total Time: 32.089286382
