Path: [164, 175, 188, 194, 344, 356, 111, 30, 125, 88, 193, 197, 108, 172, 36, 298, 181, 54, 387, 12, 145, 45, 84, 69, 332, 74, 393, 355, 380, 246, 350, 96, 296, 216, 364, 220, 354, 333, 120, 157, 224, 324, 105, 257, 221, 204, 291, 241, 212, 251, 377, 129, 122, 152, 8, 348, 106, 263, 398, 388, 262, 49, 7, 46, 25, 385, 48, 231, 153, 178, 119, 288, 126, 225, 209, 384, 371, 91, 205, 238, 77, 372, 100, 165, 143, 293, 322, 326, 331, 190, 357, 281, 208, 237, 162, 97, 376, 130, 274, 10, 222, 133, 314, 150, 352, 174, 359, 76, 182, 375, 21, 61, 261, 104, 294, 159, 116, 166, 101, 245, 347, 115, 340, 252, 229, 370, 256, 6, 233, 390, 92, 253, 343, 336, 149, 255, 176, 156, 325, 339, 47, 195, 72, 134, 169, 283, 223, 117, 278, 9, 286, 34, 366, 297, 365, 187, 391, 85, 230, 235, 81, 337, 240, 321, 358, 24, 177, 142, 192, 52, 312, 18, 316, 273, 26, 227, 144, 14, 323, 228, 80, 191, 118, 27, 285, 198, 247, 210, 361, 206, 199, 171, 53, 17, 50, 207, 307, 243, 215, 42, 183, 44, 93, 109, 219, 369, 341, 360, 95, 113, 140, 173, 167, 268, 381, 367, 289, 179, 132, 82, 180, 305, 0, 320, 330, 158, 29, 13, 31, 51, 335, 168, 304, 68, 318, 334, 349, 397, 19, 170, 363, 102, 1, 383, 40, 56, 290, 271, 226, 15, 137, 254, 277, 217, 138, 379, 2, 265, 295, 200, 110, 22, 351, 266, 94, 3, 79, 310, 161, 60, 59, 28, 83, 184, 58, 311, 16, 353, 345, 279, 249, 276, 67, 70, 270, 392, 378, 374, 244, 146, 302, 163, 287, 131, 151, 147, 373, 112, 154, 300, 148, 306, 196, 260, 259, 389, 282, 124, 35, 89, 269, 136, 386, 38, 272, 329, 55, 127, 64, 395, 63, 121, 303, 202, 86, 248, 78, 139, 211, 258, 396, 5, 43, 73, 301, 213, 123, 103, 234, 319, 299, 327, 11, 267, 201, 114, 317, 41, 32, 338, 284, 33, 264, 275, 65, 66, 328, 189, 39, 239, 37, 90, 99, 346, 394, 160, 87, 75, 342, 368, 362, 308, 280, 186, 236, 107, 292, 382, 71, 141, 57, 135, 98, 4, 232, 185, 214, 250, 218, 313, 155, 242, 20, 203, 23, 62, 309, 315, 128, 164]
Distance: 66.87275146976657
Total Time: 832.568918502
