Path: [21, 4, 12, 0, 13, 19, 15, 3, 18, 10, 7, 20, 16, 5, 9, 14, 11, 8, 17, 1, 2, 6]
Distance: 16.030877724963837
Total Time: 9.897364224
