Path: [10, 75, 35, 21, 16, 61, 68, 33, 64, 52, 25, 62, 53, 6, 27, 9, 20, 44, 31, 69, 45, 70, 85, 83, 82, 3, 90, 8, 47, 54, 65, 56, 59, 81, 43, 30, 73, 19, 4, 39, 0, 29, 34, 58, 42, 74, 40, 18, 76, 38, 49, 46, 55, 26, 84, 2, 63, 28, 67, 41, 7, 50, 91, 88, 24, 22, 60, 72, 87, 79, 51, 23, 15, 86, 89, 57, 1, 48, 12, 14, 5, 66, 36, 71, 17, 11, 80, 77, 37, 78, 13, 32, 10]
Distance: 60.926326561916284
Total Time: 224.738725983
