Path: [10, 14, 36, 42, 51, 26, 31, 44, 60, 25, 41, 50, 59, 64, 12, 67, 88, 77, 61, 66, 27, 38, 72, 54, 20, 43, 24, 85, 9, 18, 16, 70, 73, 57, 75, 17, 13, 68, 53, 34, 79, 3, 23, 69, 83, 19, 76, 90, 81, 8, 62, 7, 49, 39, 65, 84, 80, 87, 63, 37, 89, 4, 86, 35, 32, 45, 1, 21, 11, 48, 2, 15, 22, 82, 40, 28, 71, 30, 78, 5, 91, 56, 6, 55, 29, 46, 58, 33, 0, 52, 47, 74, 10]
Distance: 65.52648828009396
Total Time: 1.13916395
