Path: [61, 16, 36, 66, 4, 11, 5, 77, 27, 2, 80, 82, 19, 48, 12, 63, 84, 28, 40, 72, 47, 67, 24, 74, 8, 46, 42, 49, 60, 34, 50, 81, 29, 39, 0, 52, 33, 62, 58, 59, 7, 64, 91, 55, 56, 6, 41, 25, 90, 88, 65, 43, 53, 54, 38, 26, 85, 3, 51, 87, 20, 76, 79, 83, 18, 23, 9, 22, 15, 37, 78, 86, 21, 68, 31, 1, 69, 44, 35, 57, 45, 89, 10, 32, 75, 13, 70, 30, 17, 71, 73, 14, 61]
Distance: 16.487014724702828
Total Time: 70.44798701
