Path: [397, 367, 381, 19, 170, 363, 102, 1, 383, 40, 56, 290, 271, 226, 15, 137, 254, 277, 217, 138, 379, 2, 265, 295, 200, 110, 351, 266, 94, 3, 79, 310, 161, 60, 59, 22, 83, 28, 184, 58, 311, 16, 353, 345, 279, 249, 276, 67, 70, 270, 392, 378, 374, 146, 302, 62, 309, 315, 244, 360, 95, 113, 140, 173, 268, 167, 82, 132, 289, 179, 335, 180, 305, 0, 320, 235, 337, 81, 341, 240, 321, 358, 230, 24, 177, 142, 192, 52, 312, 18, 17, 53, 171, 199, 206, 361, 210, 247, 198, 285, 115, 347, 245, 101, 166, 116, 159, 42, 215, 183, 44, 243, 307, 50, 207, 369, 219, 109, 93, 128, 23, 203, 242, 155, 313, 218, 250, 214, 127, 55, 329, 272, 38, 386, 136, 269, 148, 287, 131, 163, 151, 147, 373, 112, 154, 300, 306, 196, 260, 259, 389, 124, 282, 89, 35, 86, 248, 78, 211, 258, 396, 5, 43, 73, 301, 213, 123, 103, 234, 319, 299, 327, 11, 267, 201, 114, 317, 41, 32, 338, 284, 33, 264, 275, 65, 66, 328, 189, 39, 239, 37, 90, 99, 346, 394, 160, 342, 368, 362, 75, 87, 139, 202, 303, 121, 63, 64, 395, 186, 280, 308, 236, 107, 292, 382, 71, 141, 57, 135, 98, 185, 232, 4, 54, 387, 12, 145, 45, 84, 69, 332, 74, 393, 355, 380, 246, 350, 96, 296, 216, 364, 220, 354, 333, 120, 157, 224, 324, 105, 257, 221, 204, 291, 241, 212, 251, 377, 129, 8, 348, 106, 263, 152, 122, 46, 7, 262, 49, 398, 388, 205, 91, 371, 384, 225, 209, 119, 153, 178, 25, 385, 48, 231, 288, 126, 298, 181, 36, 172, 108, 197, 193, 88, 30, 125, 20, 164, 175, 188, 194, 344, 356, 111, 294, 104, 261, 61, 21, 375, 182, 76, 359, 174, 352, 150, 314, 133, 222, 10, 274, 331, 372, 77, 238, 100, 165, 143, 293, 322, 326, 190, 357, 281, 208, 237, 162, 97, 376, 130, 229, 252, 340, 370, 256, 6, 233, 27, 390, 92, 253, 343, 336, 149, 255, 176, 156, 325, 339, 47, 195, 72, 134, 323, 228, 80, 191, 118, 14, 144, 227, 26, 316, 273, 169, 283, 223, 117, 278, 9, 286, 34, 366, 297, 365, 187, 391, 85, 330, 158, 29, 13, 31, 51, 168, 304, 68, 318, 334, 349, 397]
Distance: 67.30840184970067
Total Time: 215.660628156
