Path: [46, 172, 25, 183, 32, 22, 29, 80, 205, 190, 143, 179, 127, 224, 63, 20, 117, 132, 121, 19, 45, 42, 177, 222, 193, 98, 107, 33, 44, 123, 38, 176, 97, 149, 196, 47, 138, 5, 69, 159, 16, 74, 92, 58, 170, 231, 77, 52, 110, 239, 185, 174, 201, 71, 220, 31, 182, 192, 73, 135, 241, 62, 173, 175, 234, 86, 217, 67, 39, 199, 151, 96, 100, 120, 103, 116, 115, 114, 13, 3, 17, 155, 28, 200, 49, 232, 0, 99, 23, 104, 18, 94, 223, 48, 34, 133, 90, 225, 242, 168, 70, 134, 64, 240, 166, 212, 6, 7, 1, 15, 91, 230, 53, 169, 76, 164, 156, 211, 36, 95, 59, 109, 21, 122, 228, 207, 180, 129, 214, 126, 184, 68, 65, 245, 93, 206, 30, 171, 141, 4, 186, 88, 41, 244, 215, 87, 11, 226, 40, 227, 75, 136, 191, 106, 101, 79, 54, 145, 213, 163, 229, 60, 10, 66, 157, 50, 142, 148, 233, 89, 208, 83, 137, 12, 154, 188, 167, 35, 219, 153, 160, 236, 72, 209, 55, 162, 9, 51, 237, 218, 105, 181, 102, 118, 161, 111, 61, 194, 204, 195, 238, 56, 221, 198, 158, 150, 84, 139, 24, 152, 26, 37, 202, 131, 119, 165, 85, 113, 128, 146, 78, 112, 14, 124, 144, 43, 27, 216, 178, 125, 108, 82, 81, 187, 8, 130, 243, 189, 57, 140, 235, 2, 210, 203, 197, 147, 46]
Distance: 66.35647813745902
Total Time: 338.668560392
