Path: [94, 14, 23, 65, 41, 9, 33, 72, 46, 0, 47, 55, 97, 38, 63, 106, 25, 37, 20, 82, 89, 136, 62, 60, 116, 112, 24, 95, 135, 57, 54, 111, 76, 75, 133, 68, 22, 78, 36, 100, 42, 66, 48, 2, 43, 117, 50, 87, 83, 107, 92, 88, 7, 84, 119, 67, 102, 98, 77, 104, 26, 59, 127, 118, 35, 80, 126, 96, 129, 51, 30, 58, 53, 114, 10, 132, 4, 64, 91, 124, 93, 40, 131, 15, 85, 39, 69, 17, 130, 101, 86, 45, 103, 3, 110, 73, 122, 70, 34, 108, 29, 56, 21, 52, 19, 137, 44, 90, 1, 134, 74, 61, 123, 128, 18, 16, 105, 113, 32, 125, 27, 49, 13, 121, 28, 71, 81, 120, 6, 5, 109, 138, 12, 99, 31, 11, 8, 79, 115, 94]
Distance: 44.411501734849736
Total Time: 130.801008252
