Path: [201, 166, 25, 154, 5, 59, 141, 191, 175, 184, 76, 12, 218, 140, 18, 83, 220, 214, 178, 39, 14, 84, 135, 82, 90, 103, 47, 77, 7, 60, 121, 26, 207, 117, 123, 165, 11, 217, 172, 17, 176, 131, 89, 20, 187, 170, 64, 65, 206, 150, 67, 109, 16, 132, 168, 30, 68, 147, 66, 177, 91, 51, 110, 10, 183, 32, 219, 79, 72, 199, 205, 63, 74, 167, 113, 50, 43, 185, 62, 96, 221, 97, 13, 159, 212, 88, 44, 222, 4, 85, 144, 24, 100, 124, 153, 99, 155, 0, 27, 69, 53, 209, 122, 41, 87, 161, 198, 3, 130, 86, 180, 29, 200, 189, 197, 179, 73, 149, 174, 223, 182, 81, 42, 210, 23, 139, 158, 194, 104, 213, 35, 48, 156, 173, 98, 80, 146, 171, 211, 145, 202, 196, 186, 61, 142, 192, 95, 94, 115, 160, 15, 37, 203, 54, 108, 208, 102, 46, 137, 57, 49, 33, 28, 38, 19, 78, 22, 195, 162, 34, 163, 112, 128, 157, 75, 190, 58, 56, 31, 40, 118, 151, 93, 36, 52, 55, 134, 105, 119, 106, 120, 133, 193, 125, 45, 164, 138, 126, 216, 111, 107, 6, 215, 136, 71, 114, 129, 70, 127, 1, 116, 2, 204, 188, 181, 9, 148, 8, 169, 101, 92, 143, 21, 152, 201]
Distance: 53.82671674530039
Total Time: 293.578476941
