Path: [46, 12, 29, 21, 22, 24, 26, 5, 9, 55, 52, 1, 50, 58, 16, 32, 57, 0, 59, 39, 23, 33, 31, 51, 49, 7, 19, 20, 3, 10, 2, 14, 43, 47, 48, 37, 27, 35, 36, 17, 18, 54, 30, 53, 60, 41, 45, 8, 11, 40, 61, 28, 6, 42, 13, 44, 38, 4, 25, 56, 15, 34, 46]
Distance: 63.31675295988935
Total Time: 3.9148716329999997
