Path: [0, 2, 4, 8, 7, 5, 11, 13, 12, 6, 3, 9, 14, 10, 1, 0]
Distance: 10.233339087572178
Total Time: 4.246651467
