Path: [3, 2, 4, 13, 6, 12, 11, 7, 5, 8, 0, 1, 10, 14, 9, 3]
Distance: 11.09163164674399
Total Time: 0.085212603
