Path: [0, 41, 40, 31, 11, 3, 28, 44, 45, 43, 16, 20, 29, 5, 9, 27, 7, 4, 39, 2, 36, 10, 21, 17, 24, 49, 47, 22, 19, 30, 26, 48, 46, 32, 50, 23, 37, 25, 8, 42, 38, 34, 18, 51, 14, 6, 35, 12, 15, 13, 33, 1, 0]
Distance: 23.94892020185687
Total Time: 25.092284306
