Path: [66, 32, 56, 73, 27, 72, 53, 69, 34, 20, 58, 65, 29, 2, 5, 46, 64, 51, 22, 30, 40, 47, 24, 7, 41, 63, 31, 35, 28, 45, 21, 9, 0, 55, 67, 14, 71, 1, 23, 54, 52, 10, 39, 43, 19, 68, 42, 12, 50, 48, 6, 49, 3, 74, 15, 25, 61, 18, 60, 26, 4, 33, 13, 11, 16, 44, 70, 38, 36, 37, 59, 17, 62, 57, 8]
Distance: 13.47340117686878
Total Time: 11.223734199999999
