Path: [61, 6, 13, 20, 62, 25, 47, 50, 14, 15, 44, 36, 53, 3, 8, 29, 76, 67, 23, 65, 69, 66, 27, 60, 73, 1, 34, 26, 57, 22, 21, 38, 58, 7, 70, 77, 16, 11, 4, 68, 0, 63, 18, 10, 43, 19, 72, 49, 54, 64, 30, 39, 31, 48, 17, 46, 33, 78, 45, 35, 28, 41, 5, 55, 12, 75, 56, 52, 40, 32, 51, 42, 37, 74, 71, 59, 24, 2, 9, 61]
Distance: 39.110939139524916
Total Time: 55.010244693
