Path: [43, 93, 28, 44, 2, 24, 33, 20, 45, 97, 7, 96, 48, 71, 81, 66, 27, 56, 11, 26, 47, 39, 6, 36, 57, 60, 63, 85, 77, 50, 64, 16, 53, 35, 0, 68, 25, 61, 76, 95, 18, 89, 65, 67, 8, 99, 31, 15, 62, 87, 80, 34, 72, 73, 29, 23, 40, 91, 83, 5, 51, 22, 46, 69, 4, 90, 30, 41, 54, 70, 92, 79, 38, 49, 78, 37, 13, 42, 59, 21, 32, 88, 100, 10, 58, 55, 82, 94, 84, 74, 3, 17, 12, 86, 19, 101, 75, 52, 9, 1, 14, 98, 43]
Distance: 13.220026639900375
Total Time: 75.239097952
