Path: [14, 55, 71, 0, 9, 28, 45, 21, 54, 10, 52, 39, 43, 19, 23, 16, 44, 11, 70, 62, 17, 57, 33, 4, 36, 38, 26, 8, 66, 34, 20, 58, 68, 42, 12, 50, 48, 69, 53, 72, 27, 73, 15, 74, 25, 61, 18, 3, 49, 6, 56, 32, 60, 29, 65, 2, 5, 46, 64, 37, 59, 22, 13, 30, 51, 47, 24, 7, 41, 63, 31, 67, 35, 40, 1, 14]
Distance: 10.307404361613566
Total Time: 42.227607142
