Path: [43, 281, 40, 248, 282, 221, 39, 181, 142, 60, 55, 66, 251, 74, 184, 177, 201, 241, 79, 202, 229, 147, 92, 93, 166, 48, 285, 0, 12, 65, 57, 107, 266, 108, 152, 137, 106, 86, 141, 178, 61, 294, 198, 117, 9, 193, 70, 149, 120, 16, 125, 260, 292, 21, 180, 68, 105, 64, 199, 5, 240, 185, 51, 222, 165, 118, 246, 129, 278, 230, 31, 35, 80, 256, 32, 102, 187, 211, 81, 104, 250, 10, 183, 56, 238, 175, 252, 140, 94, 73, 235, 212, 90, 123, 136, 280, 264, 164, 261, 226, 42, 267, 234, 255, 224, 88, 121, 158, 77, 78, 258, 196, 171, 6, 172, 72, 71, 293, 144, 159, 84, 242, 119, 1, 179, 41, 291, 87, 284, 189, 203, 122, 208, 132, 286, 63, 4, 275, 227, 153, 20, 116, 197, 288, 214, 50, 52, 161, 205, 124, 271, 34, 59, 272, 156, 167, 186, 126, 154, 220, 237, 54, 75, 259, 135, 103, 138, 96, 130, 243, 17, 26, 245, 33, 29, 192, 170, 127, 27, 53, 128, 44, 204, 268, 98, 37, 89, 249, 182, 14, 257, 236, 7, 239, 190, 95, 113, 112, 143, 194, 62, 277, 134, 228, 168, 274, 191, 283, 69, 76, 110, 30, 157, 18, 25, 28, 263, 232, 188, 247, 207, 133, 85, 279, 269, 169, 162, 91, 174, 262, 273, 146, 176, 99, 46, 253, 100, 19, 254, 219, 231, 13, 213, 11, 155, 58, 244, 173, 45, 49, 101, 38, 97, 111, 151, 160, 200, 218, 83, 36, 270, 115, 223, 22, 15, 109, 209, 139, 82, 290, 289, 233, 215, 225, 265, 163, 206, 216, 145, 3, 276, 47, 2, 23, 195, 67, 131, 24, 217, 150, 210, 287, 114, 148, 8, 43]
Distance: 40.24515027057469
Total Time: 152.236984786
