Path: [81, 29, 64, 39, 0, 52, 33, 62, 58, 59, 7, 91, 55, 56, 6, 41, 25, 50, 34, 60, 49, 42, 46, 8, 74, 24, 67, 47, 72, 38, 26, 85, 12, 48, 19, 82, 63, 84, 28, 40, 80, 2, 27, 77, 11, 5, 4, 66, 36, 16, 61, 14, 73, 71, 17, 30, 70, 13, 75, 32, 10, 89, 45, 57, 35, 44, 69, 1, 31, 21, 86, 68, 78, 37, 15, 22, 9, 23, 18, 83, 79, 76, 3, 20, 87, 51, 65, 88, 90, 43, 53, 54, 81]
Distance: 16.866504843706796
Total Time: 29.875953962
