Path: [179, 175, 178, 163, 138, 10, 61, 53, 141, 114, 136, 29, 102, 90, 33, 35, 135, 26, 34, 88, 46, 148, 21, 150, 164, 111, 167, 91, 92, 93, 139, 54, 82, 146, 7, 162, 168, 101, 151, 154, 130, 84, 12, 59, 27, 40, 140, 11, 55, 85, 127, 66, 70, 126, 47, 23, 1, 152, 131, 128, 68, 120, 16, 86, 83, 112, 8, 158, 107, 109, 5, 48, 117, 165, 180, 106, 63, 31, 25, 45, 183, 173, 60, 176, 72, 160, 39, 51, 81, 122, 169, 115, 42, 157, 69, 181, 153, 142, 80, 67, 62, 129, 119, 36, 65, 57, 166, 143, 14, 78, 49, 77, 123, 147, 134, 171, 17, 41, 3, 125, 75, 177, 20, 79, 44, 100, 19, 24, 108, 110, 0, 113, 37, 64, 182, 56, 50, 98, 22, 95, 144, 30, 96, 137, 156, 32, 15, 145, 159, 121, 6, 18, 9, 4, 155, 170, 99, 38, 76, 149, 74, 94, 116, 73, 71, 124, 13, 172, 103, 43, 58, 104, 161, 132, 133, 174, 118, 105, 28, 52, 2, 89, 97, 87, 179]
Distance: 47.7824267737397
Total Time: 215.589495542
