Path: [3, 10, 6, 12, 7, 15, 5, 9, 13, 8, 1, 0, 11, 14, 2, 4, 3]
Distance: 11.707408088402557
Total Time: 0.456674065
