Path: [0, 4, 15, 11, 8, 14, 5, 9, 16, 7, 20, 17, 18, 19, 12, 3, 1, 10, 2, 6, 21, 13, 0]
Distance: 27.855596842997024
Total Time: 0.113118108
