Path: [3, 15, 19, 13, 0, 12, 4, 21, 6, 2, 1, 17, 8, 11, 14, 9, 5, 16, 20, 7, 10, 18, 3]
Distance: 16.030877724963837
Total Time: 7.457058833
