Path: [3, 66, 13, 7, 47, 51, 39, 17, 71, 15, 9, 58, 44, 35, 60, 32, 56, 6, 28, 4, 45, 22, 73, 16, 77, 76, 69, 61, 62, 63, 25, 30, 8, 40, 68, 18, 46, 64, 2, 65, 75, 26, 59, 42, 70, 38, 67, 19, 54, 55, 12, 52, 74, 48, 49, 57, 24, 1, 11, 43, 5, 53, 10, 34, 36, 41, 0, 14, 72, 20, 50, 37, 29, 33, 31, 21, 23, 27, 3]
Distance: 14.961480746809741
Total Time: 44.973202233
