Path: [223, 22, 15, 109, 209, 139, 82, 290, 289, 233, 215, 225, 265, 163, 206, 47, 2, 23, 195, 67, 131, 24, 276, 216, 145, 3, 217, 150, 210, 287, 114, 148, 8, 43, 281, 221, 282, 181, 39, 177, 184, 142, 60, 55, 66, 251, 74, 201, 241, 79, 202, 229, 271, 147, 92, 93, 166, 48, 285, 0, 12, 65, 294, 61, 178, 141, 132, 208, 117, 198, 9, 193, 70, 149, 120, 16, 125, 260, 292, 21, 180, 68, 105, 64, 199, 5, 240, 185, 51, 222, 165, 246, 129, 278, 230, 118, 88, 121, 158, 77, 78, 258, 171, 6, 172, 72, 71, 293, 144, 159, 84, 235, 212, 90, 123, 136, 280, 264, 196, 164, 261, 226, 42, 267, 234, 255, 224, 32, 102, 256, 80, 35, 31, 187, 211, 81, 104, 250, 10, 183, 56, 238, 175, 252, 140, 94, 73, 242, 119, 1, 179, 41, 291, 87, 284, 189, 203, 122, 286, 63, 4, 227, 153, 20, 275, 108, 152, 137, 106, 86, 57, 107, 266, 197, 116, 288, 214, 50, 52, 161, 205, 124, 34, 59, 272, 156, 167, 186, 126, 154, 220, 237, 54, 75, 259, 135, 103, 138, 96, 130, 243, 17, 26, 245, 33, 29, 192, 170, 127, 27, 53, 128, 44, 204, 268, 98, 37, 14, 257, 7, 236, 182, 249, 89, 190, 95, 113, 112, 143, 194, 62, 277, 134, 228, 274, 168, 30, 110, 76, 69, 283, 273, 262, 174, 91, 157, 18, 25, 28, 263, 232, 188, 247, 207, 133, 85, 279, 162, 169, 269, 248, 40, 146, 176, 191, 253, 46, 100, 19, 254, 219, 99, 231, 13, 239, 213, 11, 155, 173, 244, 58, 49, 101, 45, 38, 97, 111, 151, 160, 200, 218, 36, 83, 270, 115, 223]
Distance: 40.67336855675605
Total Time: 109.447144513
