Path: [157, 60, 126, 22, 132, 32, 139, 154, 41, 65, 159, 93, 161, 25, 12, 56, 82, 99, 112, 90, 160, 113, 165, 108, 147, 80, 43, 74, 5, 63, 8, 106, 4, 153, 92, 78, 75, 163, 31, 133, 34, 35, 3, 114, 64, 79, 111, 100, 42, 127, 150, 53, 117, 148, 9, 39, 46, 86, 14, 155, 10, 47, 144, 109, 77, 105, 6, 27, 50, 1, 52, 137, 121, 40, 7, 2, 103, 72, 102, 55, 48, 44, 20, 124, 101, 94, 134, 158, 116, 81, 38, 87, 96, 76, 128, 28, 110, 151, 107, 62, 16, 59, 21, 115, 135, 120, 49, 136, 18, 140, 142, 152, 131, 57, 146, 123, 162, 37, 66, 98, 19, 68, 71, 164, 84, 130, 88, 141, 156, 11, 45, 166, 13, 24, 104, 83, 89, 67, 97, 143, 85, 58, 125, 54, 30, 23, 73, 119, 149, 69, 15, 118, 138, 29, 17, 70, 33, 0, 26, 61, 95, 122, 36, 91, 51, 129, 145, 157]
Distance: 23.00948346546435
Total Time: 169.445823076
