Path: [125, 52, 184, 201, 186, 121, 32, 168, 57, 83, 172, 72, 28, 69, 110, 187, 152, 213, 99, 0, 85, 107, 118, 188, 214, 41, 71, 43, 133, 14, 163, 212, 104, 191, 132, 174, 82, 180, 199, 210, 8, 131, 151, 122, 222, 196, 182, 48, 60, 62, 51, 178, 23, 160, 5, 165, 79, 16, 218, 124, 90, 86, 158, 202, 114, 116, 3, 13, 2, 95, 119, 164, 87, 192, 81, 123, 112, 47, 159, 198, 205, 194, 142, 98, 138, 37, 146, 7, 59, 63, 170, 24, 93, 39, 106, 18, 115, 111, 162, 109, 50, 66, 89, 68, 91, 139, 101, 74, 200, 105, 44, 25, 145, 204, 10, 80, 144, 67, 4, 143, 203, 34, 19, 206, 73, 157, 211, 12, 42, 70, 53, 11, 156, 76, 15, 120, 153, 195, 102, 49, 77, 154, 56, 22, 33, 38, 29, 147, 6, 21, 208, 20, 65, 126, 141, 78, 128, 137, 197, 64, 130, 207, 96, 17, 97, 215, 190, 169, 219, 193, 155, 134, 185, 171, 54, 129, 75, 46, 61, 140, 173, 127, 136, 88, 84, 1, 183, 209, 9, 177, 150, 175, 58, 108, 221, 135, 117, 161, 176, 35, 189, 26, 55, 36, 31, 92, 100, 166, 179, 103, 220, 217, 94, 148, 27, 149, 216, 167, 30, 40, 45, 181, 113, 125]
Distance: 28.22244055215461
Total Time: 292.486821847
