Path: [272, 203, 161, 70, 249, 177, 28, 396, 153, 397, 36, 139, 195, 97, 8, 133, 147, 39, 184, 402, 163, 176, 191, 56, 359, 220, 26, 400, 75, 41, 338, 310, 185, 312, 7, 85, 280, 264, 387, 154, 225, 254, 411, 189, 218, 143, 174, 127, 181, 192, 251, 341, 68, 292, 311, 197, 241, 236, 187, 327, 122, 79, 42, 392, 84, 12, 412, 34, 58, 193, 201, 183, 339, 132, 149, 162, 274, 306, 307, 47, 258, 63, 382, 105, 202, 33, 148, 170, 178, 278, 152, 45, 250, 305, 247, 227, 199, 222, 212, 215, 5, 179, 245, 44, 117, 180, 166, 155, 21, 186, 276, 135, 302, 415, 390, 315, 395, 214, 270, 224, 361, 9, 121, 409, 89, 344, 198, 256, 52, 340, 112, 196, 208, 169, 277, 145, 175, 333, 235, 30, 242, 406, 407, 375, 318, 83, 360, 136, 275, 82, 301, 294, 167, 319, 373, 16, 165, 350, 59, 18, 99, 358, 130, 106, 102, 10, 348, 356, 239, 77, 362, 391, 388, 295, 285, 25, 6, 164, 364, 43, 24, 389, 40, 374, 228, 4, 172, 347, 336, 384, 76, 159, 323, 101, 321, 352, 405, 345, 316, 200, 80, 273, 317, 126, 259, 81, 394, 14, 209, 369, 72, 19, 300, 131, 309, 67, 366, 257, 62, 207, 255, 304, 266, 386, 226, 413, 403, 49, 65, 11, 261, 408, 286, 399, 216, 229, 173, 357, 219, 93, 398, 313, 157, 150, 35, 38, 74, 265, 380, 171, 367, 48, 288, 231, 13, 263, 297, 0, 221, 119, 233, 328, 124, 289, 383, 51, 92, 330, 281, 156, 151, 237, 50, 290, 377, 46, 371, 324, 160, 253, 142, 64, 223, 146, 61, 329, 141, 244, 55, 23, 240, 314, 303, 107, 104, 262, 206, 232, 401, 299, 78, 368, 287, 204, 243, 87, 129, 98, 108, 205, 110, 342, 355, 73, 346, 372, 381, 53, 414, 111, 114, 29, 90, 351, 37, 15, 322, 234, 134, 343, 246, 57, 32, 260, 268, 158, 284, 54, 168, 137, 182, 416, 298, 71, 320, 370, 88, 379, 217, 116, 238, 94, 1, 332, 138, 293, 337, 296, 213, 282, 17, 378, 109, 291, 3, 128, 144, 95, 31, 326, 393, 325, 96, 279, 283, 194, 113, 20, 2, 331, 211, 103, 125, 86, 123, 188, 22, 91, 308, 252, 118, 69, 376, 230, 335, 410, 190, 334, 365, 248, 60, 354, 269, 140, 115, 363, 100, 353, 120, 349, 267, 271, 27, 210, 404, 66, 385, 272]
Distance: 99.37298033092395
Total Time: 891.228913645
