Path: [220, 323, 413, 41, 149, 215, 37, 19, 246, 432, 454, 175, 483, 244, 238, 252, 292, 387, 359, 196, 362, 1, 488, 438, 104, 167, 96, 91, 28, 147, 32, 305, 336, 208, 146, 178, 154, 429, 120, 304, 249, 243, 66, 489, 177, 376, 92, 382, 478, 127, 109, 266, 93, 197, 229, 81, 465, 380, 62, 395, 39, 313, 151, 265, 474, 256, 48, 223, 397, 67, 239, 451, 136, 260, 455, 22, 446, 458, 214, 241, 82, 496, 291, 203, 452, 108, 30, 293, 87, 374, 88, 345, 349, 384, 77, 181, 367, 262, 131, 217, 155, 235, 392, 331, 236, 311, 280, 476, 10, 416, 165, 49, 467, 358, 407, 31, 90, 173, 161, 95, 166, 401, 68, 207, 16, 278, 283, 317, 42, 257, 369, 118, 47, 321, 306, 437, 56, 242, 396, 189, 411, 300, 258, 85, 324, 284, 156, 419, 398, 287, 71, 418, 18, 277, 456, 200, 301, 441, 180, 184, 484, 11, 61, 79, 325, 186, 36, 245, 430, 33, 100, 426, 440, 263, 444, 17, 65, 107, 134, 12, 122, 399, 469, 21, 78, 261, 84, 310, 394, 343, 97, 308, 25, 370, 106, 221, 190, 0, 29, 193, 76, 307, 316, 319, 371, 142, 297, 344, 253, 57, 24, 140, 103, 386, 462, 176, 442, 164, 51, 126, 157, 231, 20, 110, 447, 495, 204, 346, 141, 264, 482, 133, 414, 119, 160, 481, 487, 281, 333, 14, 185, 389, 298, 271, 272, 492, 187, 427, 471, 255, 270, 212, 26, 202, 334, 15, 139, 340, 114, 274, 86, 453, 247, 170, 363, 250, 479, 477, 303, 364, 480, 434, 191, 475, 74, 60, 286, 98, 299, 2, 137, 162, 388, 341, 169, 412, 58, 233, 490, 365, 385, 135, 360, 353, 59, 383, 240, 5, 335, 35, 473, 213, 237, 381, 174, 405, 318, 329, 326, 328, 4, 327, 379, 75, 69, 406, 352, 129, 400, 348, 409, 357, 101, 470, 425, 368, 468, 463, 288, 138, 192, 457, 205, 393, 44, 275, 121, 449, 152, 460, 50, 194, 422, 402, 415, 6, 206, 105, 378, 282, 3, 54, 309, 296, 112, 361, 355, 111, 424, 199, 338, 9, 73, 171, 46, 124, 45, 201, 94, 116, 27, 225, 159, 145, 373, 179, 431, 188, 251, 63, 494, 404, 83, 53, 375, 211, 472, 372, 276, 222, 417, 248, 130, 410, 450, 224, 337, 466, 226, 403, 210, 366, 433, 216, 279, 314, 195, 435, 227, 302, 423, 23, 158, 356, 219, 464, 230, 40, 183, 52, 428, 80, 332, 330, 391, 168, 436, 198, 268, 148, 448, 259, 153, 439, 228, 486, 267, 377, 89, 322, 115, 7, 102, 273, 420, 38, 285, 294, 408, 43, 218, 421, 150, 132, 339, 117, 72, 55, 254, 445, 128, 493, 34, 315, 295, 491, 443, 172, 64, 485, 209, 8, 320, 13, 123, 347, 312, 289, 99, 234, 232, 354, 390, 290, 113, 351, 350, 143, 459, 461, 182, 342, 269, 163, 144, 125, 70, 220]
Distance: 82.86763533916998
Total Time: 1237.302160173
