Path: [160, 119, 414, 133, 482, 264, 141, 346, 204, 495, 447, 110, 20, 231, 157, 126, 51, 164, 442, 176, 462, 386, 103, 140, 24, 57, 253, 344, 297, 142, 371, 319, 316, 76, 193, 29, 0, 307, 190, 221, 106, 370, 25, 308, 97, 343, 394, 310, 84, 261, 78, 21, 469, 399, 122, 12, 134, 107, 65, 17, 444, 263, 440, 426, 100, 33, 430, 245, 36, 186, 325, 79, 61, 11, 484, 184, 180, 441, 301, 200, 456, 277, 18, 418, 71, 287, 398, 419, 156, 284, 324, 85, 258, 300, 411, 189, 396, 242, 56, 437, 306, 321, 47, 118, 369, 257, 42, 317, 283, 278, 16, 207, 68, 401, 166, 95, 161, 173, 90, 31, 407, 358, 467, 49, 165, 416, 10, 476, 280, 311, 236, 331, 392, 235, 155, 217, 131, 262, 367, 181, 77, 384, 349, 345, 88, 374, 87, 293, 30, 108, 452, 203, 291, 496, 82, 241, 214, 458, 446, 22, 455, 260, 136, 451, 239, 67, 397, 223, 48, 256, 474, 265, 151, 313, 39, 395, 62, 380, 465, 81, 229, 197, 93, 266, 109, 127, 478, 382, 92, 376, 177, 489, 66, 243, 249, 304, 120, 429, 154, 178, 146, 208, 336, 305, 32, 147, 28, 91, 96, 167, 104, 438, 488, 1, 362, 196, 359, 387, 292, 252, 238, 244, 483, 175, 454, 432, 246, 19, 37, 215, 149, 41, 413, 323, 220, 70, 125, 144, 163, 269, 342, 182, 461, 459, 350, 351, 143, 113, 290, 390, 354, 232, 234, 99, 289, 312, 347, 123, 13, 320, 8, 209, 485, 64, 172, 443, 491, 295, 315, 34, 493, 128, 445, 254, 55, 72, 117, 339, 132, 150, 421, 218, 43, 408, 294, 285, 38, 420, 273, 102, 7, 115, 322, 89, 377, 267, 486, 259, 448, 148, 268, 198, 436, 168, 391, 330, 332, 80, 428, 52, 183, 40, 230, 464, 219, 356, 158, 23, 423, 302, 227, 435, 195, 314, 279, 216, 433, 366, 210, 403, 226, 466, 337, 224, 450, 410, 130, 248, 417, 222, 276, 372, 472, 211, 375, 400, 53, 83, 404, 494, 63, 251, 188, 431, 425, 470, 101, 348, 357, 409, 129, 352, 406, 69, 75, 379, 468, 368, 179, 373, 145, 159, 225, 27, 116, 94, 201, 45, 124, 46, 171, 338, 73, 9, 153, 439, 228, 424, 199, 111, 355, 361, 112, 296, 309, 54, 3, 282, 378, 105, 206, 6, 415, 402, 422, 194, 50, 460, 152, 449, 121, 275, 44, 393, 205, 457, 192, 138, 463, 288, 327, 4, 328, 326, 329, 318, 405, 174, 381, 237, 213, 473, 35, 335, 5, 240, 383, 59, 353, 360, 135, 385, 365, 490, 233, 58, 412, 169, 341, 388, 162, 137, 2, 299, 98, 286, 60, 74, 475, 191, 434, 480, 364, 303, 477, 479, 250, 363, 170, 247, 453, 86, 274, 114, 340, 139, 15, 334, 202, 26, 212, 270, 255, 471, 427, 187, 492, 272, 271, 298, 389, 185, 14, 333, 281, 487, 481, 160]
Distance: 82.90094137632025
Total Time: 1399.311353317
