Path: [64, 77, 157, 45, 147, 68, 180, 104, 121, 41, 10, 198, 83, 71, 189, 69, 156, 49, 8, 201, 23, 124, 72, 190, 159, 106, 175, 29, 173, 70, 117, 60, 93, 73, 39, 102, 133, 131, 199, 134, 125, 182, 200, 24, 177, 132, 114, 203, 51, 4, 1, 59, 66, 38, 56, 112, 12, 36, 116, 165, 172, 108, 167, 15, 2, 209, 135, 26, 168, 154, 85, 28, 210, 170, 211, 123, 153, 91, 118, 115, 47, 145, 187, 6, 62, 202, 58, 141, 105, 48, 169, 65, 75, 76, 181, 195, 79, 78, 82, 174, 160, 149, 206, 184, 96, 67, 192, 191, 25, 94, 90, 16, 103, 110, 37, 163, 5, 194, 127, 215, 136, 35, 98, 99, 100, 146, 88, 31, 137, 204, 186, 19, 101, 61, 144, 87, 27, 162, 142, 120, 139, 138, 152, 208, 161, 143, 140, 130, 171, 22, 43, 178, 193, 128, 113, 212, 44, 214, 17, 11, 166, 20, 158, 150, 42, 122, 18, 86, 183, 129, 155, 185, 3, 30, 53, 119, 84, 52, 148, 63, 197, 21, 13, 207, 46, 74, 107, 50, 9, 97, 32, 55, 109, 81, 111, 54, 151, 164, 126, 14, 216, 80, 33, 205, 7, 179, 40, 34, 92, 188, 213, 57, 0, 176, 196, 95, 89, 64]
Distance: 59.16464732151635
Total Time: 276.069115504
