Path: [84, 140, 184, 49, 201, 175, 79, 169, 163, 94, 212, 145, 41, 213, 57, 68, 134, 12, 22, 146, 181, 114, 51, 73, 93, 158, 120, 110, 105, 191, 101, 185, 127, 128, 19, 124, 25, 70, 196, 214, 208, 43, 42, 31, 164, 130, 202, 6, 56, 47, 133, 48, 123, 141, 38, 39, 44, 3, 74, 152, 37, 5, 168, 91, 142, 27, 4, 66, 116, 167, 15, 61, 115, 172, 183, 86, 166, 65, 67, 58, 59, 13, 40, 0, 199, 29, 60, 102, 117, 176, 174, 178, 148, 154, 177, 106, 23, 193, 98, 194, 45, 188, 189, 71, 89, 34, 35, 97, 151, 113, 153, 165, 161, 14, 81, 111, 143, 119, 26, 52, 108, 36, 33, 118, 157, 11, 50, 109, 55, 138, 139, 171, 129, 9, 17, 203, 131, 62, 122, 209, 135, 215, 100, 82, 190, 64, 88, 1, 28, 187, 136, 20, 126, 54, 144, 197, 21, 30, 95, 198, 72, 92, 77, 10, 147, 162, 90, 179, 7, 216, 85, 53, 32, 87, 80, 63, 207, 46, 107, 155, 186, 75, 76, 211, 2, 137, 121, 69, 104, 8, 16, 200, 24, 195, 204, 206, 205, 112, 149, 125, 83, 150, 96, 192, 103, 180, 156, 159, 173, 182, 78, 210, 170, 99, 160, 132, 18, 84]
Distance: 344.6347530438421
Total Time: 7.917922582
