Path: [1, 362, 196, 93, 266, 109, 127, 478, 382, 298, 271, 272, 281, 487, 481, 160, 492, 187, 427, 471, 212, 26, 202, 334, 15, 139, 340, 114, 274, 86, 453, 247, 170, 363, 250, 479, 477, 303, 364, 480, 434, 191, 475, 74, 98, 286, 60, 142, 297, 344, 253, 57, 24, 140, 103, 386, 462, 176, 442, 51, 126, 157, 231, 20, 110, 447, 495, 204, 346, 141, 264, 482, 133, 414, 119, 257, 369, 118, 47, 321, 306, 164, 437, 56, 242, 396, 189, 411, 300, 258, 85, 155, 324, 284, 79, 156, 419, 398, 287, 71, 418, 18, 277, 367, 262, 131, 217, 235, 392, 331, 236, 311, 280, 95, 161, 416, 10, 476, 165, 49, 467, 358, 407, 31, 90, 173, 42, 317, 283, 278, 166, 401, 68, 16, 207, 333, 14, 185, 389, 197, 229, 81, 465, 380, 359, 387, 91, 96, 28, 175, 483, 244, 238, 252, 292, 62, 395, 39, 313, 151, 265, 474, 256, 48, 223, 397, 67, 239, 451, 136, 260, 455, 22, 214, 458, 446, 82, 496, 241, 291, 203, 452, 108, 30, 293, 87, 374, 88, 345, 349, 384, 77, 181, 456, 200, 301, 441, 180, 184, 484, 11, 61, 325, 186, 36, 245, 430, 33, 100, 426, 440, 263, 444, 17, 65, 107, 134, 12, 122, 399, 469, 21, 78, 261, 84, 310, 394, 343, 97, 308, 25, 370, 106, 221, 190, 307, 316, 319, 371, 58, 412, 169, 341, 299, 2, 137, 388, 162, 279, 314, 195, 227, 302, 435, 423, 23, 158, 356, 219, 464, 230, 40, 183, 52, 428, 80, 332, 330, 391, 168, 436, 259, 153, 73, 9, 199, 338, 171, 46, 124, 45, 27, 201, 94, 116, 373, 145, 159, 225, 466, 226, 216, 433, 366, 210, 403, 337, 224, 450, 410, 130, 248, 417, 222, 276, 372, 83, 53, 404, 494, 251, 63, 348, 409, 357, 101, 470, 75, 69, 406, 352, 129, 400, 375, 211, 472, 5, 240, 383, 59, 353, 385, 365, 490, 233, 193, 76, 0, 29, 135, 360, 335, 35, 473, 213, 237, 381, 174, 405, 318, 329, 326, 328, 4, 327, 379, 425, 188, 431, 179, 368, 468, 463, 288, 138, 192, 457, 205, 393, 44, 275, 121, 449, 152, 128, 445, 493, 34, 315, 295, 491, 443, 172, 64, 485, 209, 8, 320, 13, 123, 347, 312, 289, 99, 234, 232, 354, 390, 290, 113, 143, 459, 461, 182, 342, 269, 163, 144, 125, 70, 220, 323, 413, 41, 149, 215, 37, 19, 246, 432, 454, 147, 32, 305, 336, 208, 146, 178, 154, 429, 120, 304, 322, 115, 7, 102, 273, 420, 350, 351, 38, 285, 294, 408, 43, 218, 421, 150, 132, 339, 117, 72, 55, 254, 50, 460, 194, 422, 402, 415, 6, 206, 105, 378, 282, 3, 54, 309, 296, 112, 361, 355, 111, 424, 439, 228, 486, 267, 89, 377, 148, 448, 198, 268, 243, 489, 66, 270, 255, 92, 376, 177, 249, 488, 167, 104, 438, 1]
Distance: 84.3854867067606
Total Time: 241.235516294
