Path: [130, 376, 97, 162, 237, 208, 281, 357, 190, 331, 326, 322, 293, 143, 165, 100, 372, 77, 238, 205, 91, 371, 384, 209, 225, 126, 288, 119, 178, 153, 231, 48, 385, 25, 46, 7, 49, 262, 388, 398, 263, 106, 348, 8, 152, 122, 129, 377, 251, 212, 241, 291, 204, 221, 257, 105, 324, 224, 157, 120, 333, 354, 220, 364, 216, 296, 96, 350, 246, 380, 355, 393, 74, 332, 69, 84, 45, 145, 12, 387, 54, 181, 298, 36, 172, 108, 197, 193, 88, 30, 125, 20, 242, 155, 313, 218, 250, 214, 185, 232, 4, 98, 135, 57, 141, 71, 382, 292, 107, 236, 308, 280, 186, 395, 64, 127, 55, 329, 272, 38, 386, 136, 269, 63, 121, 303, 202, 139, 87, 75, 362, 368, 342, 160, 394, 346, 99, 90, 37, 239, 39, 189, 328, 66, 65, 275, 264, 33, 284, 338, 32, 41, 317, 114, 201, 267, 11, 327, 299, 319, 234, 103, 123, 213, 301, 73, 43, 5, 396, 258, 211, 78, 248, 86, 35, 89, 282, 124, 389, 259, 260, 196, 306, 148, 300, 154, 112, 373, 147, 151, 131, 287, 163, 302, 146, 244, 374, 378, 392, 270, 70, 67, 276, 249, 279, 345, 353, 16, 311, 58, 184, 83, 28, 59, 60, 161, 310, 79, 3, 94, 266, 351, 22, 110, 200, 295, 265, 2, 379, 138, 217, 277, 254, 137, 15, 226, 271, 290, 56, 40, 383, 1, 102, 363, 170, 19, 397, 349, 334, 318, 68, 304, 168, 335, 51, 31, 13, 29, 158, 330, 85, 391, 187, 365, 297, 366, 34, 286, 9, 278, 117, 223, 283, 169, 273, 316, 26, 227, 144, 14, 27, 118, 191, 80, 228, 323, 134, 72, 195, 47, 339, 325, 156, 176, 255, 149, 336, 343, 253, 92, 390, 233, 6, 256, 370, 229, 252, 340, 115, 285, 198, 245, 347, 101, 166, 116, 159, 247, 210, 361, 206, 199, 171, 53, 215, 42, 183, 44, 243, 307, 207, 50, 17, 18, 312, 52, 192, 142, 177, 24, 230, 358, 321, 240, 337, 81, 235, 320, 0, 305, 180, 82, 132, 179, 289, 367, 381, 268, 167, 173, 140, 113, 95, 360, 341, 369, 219, 109, 93, 128, 315, 309, 62, 203, 23, 164, 175, 188, 194, 344, 356, 111, 294, 104, 261, 61, 21, 375, 182, 76, 359, 174, 352, 150, 314, 133, 222, 10, 274, 130]
Distance: 66.77235424533012
Total Time: 270.628054691
