Path: [37, 137, 118, 14, 93, 69, 55, 0, 110, 67, 6, 40, 68, 12, 75, 116, 39, 130, 80, 15, 100, 19, 38, 61, 107, 111, 104, 11, 123, 66, 46, 99, 49, 43, 56, 136, 96, 139, 35, 74, 33, 23, 125, 21, 76, 121, 78, 114, 82, 42, 138, 112, 127, 50, 128, 62, 131, 51, 129, 84, 57, 98, 18, 58, 27, 108, 13, 32, 36, 59, 70, 77, 8, 88, 2, 26, 72, 73, 85, 47, 65, 91, 132, 31, 81, 52, 29, 135, 64, 122, 113, 24, 97, 34, 140, 115, 63, 119, 86, 4, 126, 17, 105, 103, 44, 25, 1, 79, 30, 83, 20, 87, 117, 89, 92, 71, 102, 101, 120, 48, 133, 45, 9, 16, 94, 134, 106, 95, 10, 5, 3, 7, 53, 90, 109, 60, 124, 54, 41, 22, 28, 37]
Distance: 73.61507932742545
Total Time: 115.787781433
