Path: [26, 137, 80, 86, 10, 128, 69, 24, 7, 142, 51, 96, 6, 97, 74, 5, 43, 81, 83, 132, 47, 61, 19, 113, 73, 139, 93, 103, 13, 57, 135, 59, 79, 119, 136, 85, 4, 16, 40, 100, 112, 110, 38, 48, 101, 143, 127, 32, 89, 41, 46, 92, 121, 87, 25, 117, 124, 65, 58, 77, 60, 21, 1, 102, 45, 138, 88, 55, 133, 2, 39, 12, 63, 56, 125, 118, 28, 54, 35, 131, 120, 52, 111, 78, 91, 33, 22, 84, 109, 90, 34, 49, 76, 30, 141, 11, 23, 134, 99, 98, 123, 104, 66, 114, 64, 67, 44, 122, 116, 140, 129, 105, 37, 115, 106, 108, 20, 68, 9, 18, 17, 0, 72, 53, 75, 94, 29, 107, 36, 3, 8, 27, 70, 95, 14, 82, 42, 126, 62, 31, 71, 15, 130, 50, 26]
Distance: 67.99047345716805
Total Time: 136.089198501
