Path: [9, 139, 142, 14, 2, 44, 117, 38, 127, 119, 112, 48, 100, 93, 51, 70, 137, 107, 36, 80, 140, 53, 72, 63, 30, 67, 99, 109, 11, 33, 106, 88, 34, 84, 129, 23, 114, 132, 113, 21, 12, 49, 125, 98, 134, 123, 66, 141, 87, 32, 65, 102, 64, 17, 29, 122, 116, 120, 78, 55, 22, 104, 111, 20, 133, 96, 26, 46, 101, 79, 40, 138, 75, 115, 108, 10, 68, 90, 126, 0, 124, 1, 143, 16, 105, 118, 7, 71, 77, 128, 103, 57, 97, 19, 42, 131, 54, 82, 89, 136, 15, 28, 37, 24, 3, 8, 52, 41, 4, 50, 25, 121, 18, 43, 59, 81, 61, 47, 13, 83, 5, 73, 95, 58, 85, 110, 27, 62, 94, 35, 56, 76, 31, 39, 91, 60, 45, 92, 135, 6, 86, 130, 74, 69, 9]
Distance: 339.334040310903
Total Time: 2.5732264110000003
