Path: [74, 76, 85, 11, 121, 48, 96, 97, 43, 173, 110, 28, 182, 7, 86, 50, 68, 60, 83, 61, 38, 171, 103, 157, 104, 112, 23, 91, 102, 59, 67, 183, 128, 49, 70, 120, 53, 137, 163, 45, 180, 146, 64, 181, 168, 172, 143, 89, 27, 165, 150, 18, 140, 127, 124, 6, 178, 123, 13, 29, 176, 72, 19, 55, 160, 75, 78, 177, 155, 84, 26, 147, 164, 162, 1, 41, 131, 62, 175, 142, 35, 158, 42, 107, 154, 179, 138, 170, 119, 159, 47, 108, 69, 58, 21, 114, 80, 12, 174, 141, 144, 56, 2, 126, 100, 145, 113, 31, 17, 81, 63, 125, 90, 166, 77, 105, 82, 5, 71, 22, 169, 139, 118, 25, 98, 51, 116, 39, 10, 151, 66, 33, 40, 93, 94, 34, 101, 149, 32, 73, 8, 3, 44, 133, 20, 37, 136, 14, 24, 152, 16, 99, 54, 117, 95, 130, 148, 106, 88, 46, 184, 115, 4, 92, 52, 9, 129, 57, 134, 65, 15, 153, 167, 135, 161, 79, 30, 109, 87, 156, 36, 132, 111, 122, 0, 74]
Distance: 39.83607107585678
Total Time: 201.037573774
